‘Q

‘¹³

xnxvs *xus ,ς x s

 

ms -m-.= ⁴ ἃ·

3,,

¹ 11111111

¹st 1 111111.1,,11

1111 ,111 [111 11111111111111

1·1,11 11111111111131 ,11 1111

’11 1ἶ1111111111 111 11111,

“ 11 111111 1111

]11’1 11111111111 1111

111111111 1111111111 1111111111111

111111 11111 1111111

.’-11 11111111 11 11111

111111111111111 1111111

11 11 111111 11

1’111’1111 11 11 11111111111111 111

1111 111111111111111111 11 1111,1111 11 111
1111 11 ,111 1111 11111111111111 11,ι1111
11111111111111 111111 111111111 111111111111111
11·11[111111111111,1ῃ111111111,11111,1111ῃ
1’11111111 11111111 11 11 1111111111111 11
11 11111 1111111111 11111111114111 1111
1114111111 111 11111111111111111111111111 2¹·
1, 1111111 ’11111111111111 ’11 1111 1111111111111111
, ” 1111111111111 11111 111111111 111111
1 111111, 111111 1111 111111 1111111 11111111.
111111111 1111111 1111 111 1111” 1111111 1111 111111111

1111] 111 1111111,11111111111 11111111 11111111111111111111,1111111111111 111

Ι1 1111111111· 111111111 11111111 11111111111 111111 ,1111 Ι1,1 11 11

11111111111111 11 111 1111111111111111111 11 111 11111 111 111111
111 11111111 1111 11 1 1 11111111111111 11111 11111111111 Ι’ 1111111111

Ι 1 '1¹¹ 11 1 1 11111111111111, 111111 111111111111311111111111111
111 11111111111111- 1111111111111 111111 111 11 111111111111111111,
111 111111 11 11111111111111 111 1111111111 111111

Ι11111 1111111’1Ι11111111ι ,111111111111 11111111 11

 

ἰ
a-„s
ι 3¹
0 ‘·
«u

